image_width: 1920
image_height: 1080
camera_name: cam_2
camera_matrix:
  rows: 3
  cols: 3
  data: [1395.6454987245886, 0.0, 958.2078152561318, 0.0, 1388.451312370231, 538.7842924402848, 0.0, 0.0, 1.0]
distortion_model: plumb_bob
distortion_coefficients:
  rows: 1
  cols: 5
  data: [0.09750394819779126, -0.1546304173532464, 7.335944524713988e-05, -0.003895638285436752, 0.0]
rectification_matrix:
  rows: 3
  cols: 3
  data: [1, 0, 0, 0, 1, 0, 0, 0, 1]
projection_matrix:
  rows: 3
  cols: 4
  data: [1411.455810546875, 0.0, 949.7722622259753, 0.0, 0.0, 1412.401123046875, 538.3473898660304, 0.0, 0.0, 0.0, 1.0, 0.0]
