image_width: 1920
image_height: 1080
camera_name: cam_1
camera_matrix:
  rows: 3
  cols: 3
  data: [1391.5516938893231, 0.0, 965.0174557797645, 0.0, 1385.1391679259002, 546.6660633216396, 0.0, 0.0, 1.0]
distortion_model: plumb_bob
distortion_coefficients:
  rows: 1
  cols: 5
  data: [0.100193418758335, -0.1529628067218131, 0.0029088415227723316, 0.004645111809450181, 0.0]
rectification_matrix:
  rows: 3
  cols: 3
  data: [1, 0, 0, 0, 1, 0, 0, 0, 1]
projection_matrix:
  rows: 3
  cols: 4
  data: [1409.49658203125, 0.0, 974.1379549290577, 0.0, 0.0, 1411.779052734375, 549.0021818852474, 0.0, 0.0, 0.0, 1.0, 0.0]

