image_width: 1920
image_height: 1080
camera_name: cam_1
camera_matrix:
  rows: 3
  cols: 3
  data: [1394.900707880434, 0, 937.2932538788308, 0, 1389.222757241373, 544.4537382553632, 0, 0, 1]
distortion_model: plumb_bob
distortion_coefficients:
  rows: 1
  cols: 5
  data: [0.1034067082358903, -0.16806215313111325, 0.0012689995428323351, 0.0005668063350006031, 0.0]
rectification_matrix:
  rows: 3
  cols: 3
  data: [1, 0, 0, 0, 1, 0, 0, 0, 1]
projection_matrix:
  rows: 3
  cols: 4
  data: [1412.5618896484375, 0.0, 953.442414832396, 0.0, 0.0, 1412.2152099609375, 540.4265991332213, 0.0, 0.0, 0.0, 1.0, 0.0]
