('D = ', [0.16976937687109148, -0.6068591367570529, 0.0012938394677715287, 0.005476535136271677, 0.0])
('K = ', [1468.386205820825, 0.0, 244.37854863826075, 0.0, 1462.9815738265581, 311.25120094661094, 0.0, 0.0, 1.0])
('R = ', [1.0, 0.0, 0.0, 0.0, 1.0, 0.0, 0.0, 0.0, 1.0])
('P = ', [1483.1591796875, 0.0, 245.76964763757132, 0.0, 0.0, 1479.599609375, 310.70561196742347, 0.0, 0.0, 0.0, 1.0, 0.0])
None
# oST version 5.0 parameters


[image]

width
640

height
480

[narrow_stereo]

camera matrix
1468.386206 0.000000 244.378549
0.000000 1462.981574 311.251201
0.000000 0.000000 1.000000

distortion
0.169769 -0.606859 0.001294 0.005477 0.000000

rectification
1.000000 0.000000 0.000000
0.000000 1.000000 0.000000
0.000000 0.000000 1.000000

projection
1483.159180 0.000000 245.769648 0.000000
0.000000 1479.599609 310.705612 0.000000
0.000000 0.000000 1.000000 0.000000

