('D = ', [0.19262306772874294, -0.21169481018149264, 0.003124148347937637, -0.029071176256734138, 0.0])
('K = ', [1437.7660403816167, 0.0, 141.39277170806014, 0.0, 1426.3319353736365, 273.5561866870052, 0.0, 0.0, 1.0])
('R = ', [1.0, 0.0, 0.0, 0.0, 1.0, 0.0, 0.0, 0.0, 1.0])
('P = ', [1434.51318359375, 0.0, 137.45385943974907, 0.0, 0.0, 1440.775146484375, 273.0763826567454, 0.0, 0.0, 0.0, 1.0, 0.0])
None
# oST version 5.0 parameters


[image]

width
640

height
480

[narrow_stereo]

camera matrix
1437.766040 0.000000 141.392772
0.000000 1426.331935 273.556187
0.000000 0.000000 1.000000

distortion
0.192623 -0.211695 0.003124 -0.029071 0.000000

rectification
1.000000 0.000000 0.000000
0.000000 1.000000 0.000000
0.000000 0.000000 1.000000

projection
1434.513184 0.000000 137.453859 0.000000
0.000000 1440.775146 273.076383 0.000000
0.000000 0.000000 1.000000 0.000000
