image_width: 1920
image_height: 1080
camera_name: cam_0
camera_matrix:
  rows: 3
  cols: 3
  data: [1394.900707880434, 0, 937.2932538788308, 0, 1389.222757241373, 544.4537382553632, 0, 0, 1]
distortion_model: plumb_bob
distortion_coefficients:
  rows: 1
  cols: 5
  data: [0.1024101775552911, -0.1658211898853202, 0.001576800817275075, -0.0034151130505851, 0]
rectification_matrix:
  rows: 3
  cols: 3
  data: [1, 0, 0, 0, 1, 0, 0, 0, 1]
projection_matrix:
  rows: 3
  cols: 4
  data: [1409.757446289062, 0, 928.7486340912801, 0, 0, 1413.104614257812, 545.4807118613571, 0, 0, 0, 1, 0]